2.2252E+03  3.4208E+00  3.9592E-02
2.4477E+03  3.7677E+00  5.8929E-02
2.6703E+03  4.1166E+00  8.3406E-02
2.8928E+03  4.4678E+00  1.1365E-01
3.1153E+03  4.8215E+00  1.5032E-01
3.3378E+03  5.1781E+00  1.9405E-01
3.5604E+03  5.5379E+00  2.4552E-01
3.7829E+03  5.9012E+00  3.0541E-01
4.0054E+03  6.2682E+00  3.7442E-01
4.2279E+03  6.6394E+00  4.5326E-01
4.4504E+03  7.0149E+00  5.4264E-01
4.6730E+03  7.3952E+00  6.4332E-01
4.8955E+03  7.7806E+00  7.5602E-01
5.1180E+03  8.1714E+00  8.8152E-01
5.3405E+03  8.5679E+00  1.0206E+00
5.5630E+03  8.9705E+00  1.1740E+00
5.7856E+03  9.3796E+00  1.3426E+00
6.0081E+03  9.7954E+00  1.5272E+00
6.2306E+03  1.0218E+01  1.7286E+00
6.4531E+03  1.0649E+01  1.9476E+00
6.6757E+03  1.1087E+01  2.1851E+00
6.8982E+03  1.1534E+01  2.4421E+00
7.1207E+03  1.1989E+01  2.7192E+00
7.3432E+03  1.2453E+01  3.0175E+00
7.5657E+03  1.2927E+01  3.3379E+00
7.7883E+03  1.3410E+01  3.6812E+00
8.0108E+03  1.3904E+01  4.0485E+00
8.2333E+03  1.4408E+01  4.4406E+00
8.4558E+03  1.4923E+01  4.8586E+00
8.6784E+03  1.5449E+01  5.3033E+00
8.9009E+03  1.5987E+01  5.7759E+00
9.1234E+03  1.6537E+01  6.2772E+00
9.3459E+03  1.7100E+01  6.8083E+00
9.5684E+03  1.7676E+01  7.3702E+00
9.7910E+03  1.8265E+01  7.9641E+00
1.0013E+04  1.8868E+01  8.5908E+00
1.0236E+04  1.9486E+01  9.2516E+00
1.0459E+04  2.0118E+01  9.9474E+00
1.0681E+04  2.0765E+01  1.0679E+01
1.0904E+04  2.1428E+01  1.1449E+01
1.1126E+04  2.2107E+01  1.2256E+01
1.1349E+04  2.2803E+01  1.3103E+01
1.1571E+04  2.3515E+01  1.3991E+01
1.1794E+04  2.4245E+01  1.4921E+01
1.2016E+04  2.4994E+01  1.5894E+01
1.2239E+04  2.5760E+01  1.6911E+01
1.2461E+04  2.6545E+01  1.7973E+01
1.2684E+04  2.7350E+01  1.9082E+01
1.2906E+04  2.8175E+01  2.0239E+01
1.3129E+04  2.9020E+01  2.1445E+01
1.3351E+04  2.9886E+01  2.2701E+01

