   6  2.720E-14  4.510E+01  1.700E+14
   7  1.270E-13  2.120E+02  5.820E+15
   8  6.930E-13  1.150E+03  1.900E+17
   1  6.295E-12  1.044E+04  9.744E+18
   2  1.581E-11  2.622E+04  4.968E+19
   3  3.972E-11  6.587E+04  2.431E+20
   4  9.976E-11  1.654E+05  1.151E+21
   5  2.506E-10  4.156E+05  5.266E+21
   6  6.294E-10  1.044E+06  2.318E+22
   7  1.581E-09  2.622E+06  9.755E+22
   8  3.972E-09  6.588E+06  3.911E+23
   9  5.000E-09  8.293E+06  5.259E+23
  10  9.976E-09  1.655E+07  1.435E+24
  11  1.990E-08  3.302E+07  3.833E+24
   1  3.973E-08  6.592E+07  1.006E+25
   2  7.926E-08  1.315E+08  2.604E+25
   3  1.581E-07  2.625E+08  6.676E+25
   4  1.991E-07  3.305E+08  8.738E+25
   5  3.156E-07  5.239E+08  1.629E+26
   6  5.001E-07  8.303E+08  3.029E+26
   7  6.296E-07  1.046E+09  4.129E+26
   8  9.667E-07  1.606E+09  6.860E+26
   9  1.532E-06  2.545E+09  1.272E+27
  10  2.507E-06  4.166E+09  2.356E+27
  11  3.974E-06  6.606E+09  4.362E+27
  12  4.830E-06  8.031E+09  5.662E+27
  13  6.081E-06  1.011E+10  7.702E+27
  14  7.930E-06  1.319E+10  1.048E+28
  15  9.982E-06  1.661E+10  1.425E+28
  16  1.257E-05  2.091E+10  1.938E+28
  17  1.522E-05  2.533E+10  2.503E+28
  18  1.991E-05  3.315E+10  3.404E+28
  19  2.507E-05  4.174E+10  4.628E+28
  44  2.791E-05  4.652E+10  5.367E+28
  45  3.807E-05  6.347E+10  7.913E+28
  46  5.063E-05  8.444E+10  1.127E+29
  47  6.592E-05  1.100E+11  1.561E+29
  48  8.433E-05  1.408E+11  2.109E+29
  49  1.062E-04  1.774E+11  2.790E+29
  50  1.321E-04  2.207E+11  3.625E+29
  51  1.624E-04  2.714E+11  4.635E+29
  52  1.690E-04  2.825E+11  4.859E+29
  53  1.759E-04  2.940E+11  5.093E+29
  54  1.830E-04  3.058E+11  5.334E+29
  55  1.902E-04  3.180E+11  5.584E+29
  56  1.977E-04  3.305E+11  5.843E+29
  57  2.054E-04  3.434E+11  6.109E+29
  58  2.079E-04  3.476E+11  6.197E+29
  59  2.082E-04  3.481E+11  6.208E+29
  60  2.091E-04  3.495E+11  6.215E+29
  61  2.160E-04  3.612E+11  6.357E+29
  62  2.231E-04  3.730E+11  6.468E+29
  63  2.311E-04  3.865E+11  6.581E+29
  64  2.401E-04  4.016E+11  6.700E+29
  65  2.500E-04  4.180E+11  6.823E+29
   1  2.643E-04  4.420E+11  6.995E+29
   2  3.053E-04  5.108E+11  7.468E+29
   3  3.533E-04  5.912E+11  8.015E+29
   4  4.076E-04  6.822E+11  8.644E+29
   5  4.680E-04  7.834E+11  9.367E+29
   6  5.341E-04  8.943E+11  1.019E+30
   7  6.059E-04  1.015E+12  1.113E+30
   8  7.661E-04  1.283E+12  1.337E+30
   9  1.262E-03  2.114E+12  2.155E+30
  10  1.895E-03  3.177E+12  3.427E+30
  11  2.673E-03  4.483E+12  5.268E+30
  12  3.606E-03  6.051E+12  7.798E+30
  12  4.710E-03  7.906E+12  1.115E+31
  13  7.496E-03  1.259E+13  2.089E+31
  14  1.120E-02  1.882E+13  3.584E+31
  15  1.600E-02  2.692E+13  5.761E+31
  16  2.207E-02  3.717E+13  8.812E+31
  17  2.948E-02  4.968E+13  1.295E+32
  18  4.268E-02  7.202E+13  2.162E+32
  19  6.220E-02  1.051E+14  3.847E+32
  20  7.317E-02  1.237E+14  5.046E+32
  21  7.596E-02  1.284E+14  5.371E+32
   1  1.000E-01  1.694E+14  9.915E+32
   2  1.500E-01  2.550E+14  2.983E+33
   3  2.000E-01  3.417E+14  6.959E+33
   4  2.500E-01  4.298E+14  1.367E+34
   5  3.000E-01  5.198E+14  2.376E+34
   6  3.500E-01  6.120E+14  3.783E+34
   7  4.000E-01  7.068E+14  5.645E+34
   8  4.500E-01  8.046E+14  8.016E+34
   9  5.000E-01  9.056E+14  1.095E+35
  10  5.500E-01  1.010E+15  1.449E+35
  11  6.000E-01  1.119E+15  1.869E+35
  12  6.500E-01  1.231E+15  2.360E+35
  13  7.000E-01  1.349E+15  2.925E+35
  14  7.500E-01  1.471E+15  3.570E+35
  15  8.000E-01  1.598E+15  4.298E+35
  16  8.500E-01  1.730E+15  5.113E+35
  17  9.000E-01  1.868E+15  6.018E+35
  18  9.500E-01  2.012E+15  7.018E+35
  19  1.000E+00  2.162E+15  8.114E+35
  20  1.050E+00  2.319E+15  9.310E+35
  21  1.100E+00  2.482E+15  1.061E+36
  22  1.150E+00  2.652E+15  1.201E+36
  23  1.200E+00  2.829E+15  1.352E+36
  24  1.250E+00  3.013E+15  1.514E+36
  25  1.300E+00  3.205E+15  1.688E+36
  26  1.350E+00  3.404E+15  1.872E+36
  27  1.400E+00  3.611E+15  2.068E+36
  28  1.450E+00  3.826E+15  2.275E+36
  29  1.500E+00  4.050E+15  2.495E+36
  30  1.550E+00  4.282E+15  2.726E+36
1480  1.557E+00  4.315E+15  2.759E+36
1490  1.567E+00  4.362E+15  2.807E+36
1500  1.577E+00  4.410E+15  2.856E+36
1510  1.587E+00  4.458E+15  2.905E+36
1520  1.597E+00  4.507E+15  2.954E+36
1530  1.607E+00  4.556E+15  3.004E+36
1540  1.617E+00  4.605E+15  3.054E+36
1550  1.627E+00  4.655E+15  3.105E+36
1560  1.637E+00  4.705E+15  3.157E+36
1570  1.647E+00  4.756E+15  3.209E+36
1580  1.657E+00  4.806E+15  3.261E+36
1590  1.667E+00  4.857E+15  3.314E+36
1600  1.677E+00  4.909E+15  3.367E+36
1610  1.687E+00  4.961E+15  3.421E+36
1620  1.697E+00  5.013E+15  3.475E+36
1630  1.707E+00  5.065E+15  3.530E+36
1640  1.717E+00  5.118E+15  3.586E+36
1650  1.727E+00  5.171E+15  3.642E+36
1660  1.737E+00  5.225E+15  3.698E+36
1670  1.747E+00  5.279E+15  3.755E+36
1680  1.757E+00  5.333E+15  3.812E+36
1690  1.767E+00  5.388E+15  3.870E+36
1700  1.777E+00  5.443E+15  3.928E+36
1710  1.787E+00  5.498E+15  3.987E+36
1720  1.797E+00  5.554E+15  4.047E+36
1730  1.807E+00  5.610E+15  4.107E+36
1740  1.817E+00  5.667E+15  4.167E+36
1750  1.827E+00  5.724E+15  4.228E+36
1760  1.837E+00  5.781E+15  4.290E+36
1770  1.847E+00  5.838E+15  4.351E+36
1780  1.857E+00  5.896E+15  4.414E+36
1790  1.867E+00  5.955E+15  4.477E+36
1800  1.877E+00  6.014E+15  4.541E+36
1810  1.887E+00  6.073E+15  4.605E+36
1820  1.897E+00  6.132E+15  4.669E+36
1830  1.907E+00  6.192E+15  4.734E+36
1840  1.917E+00  6.253E+15  4.800E+36
1850  1.927E+00  6.313E+15  4.866E+36
1860  1.937E+00  6.374E+15  4.933E+36
1870  1.947E+00  6.436E+15  5.000E+36
1880  1.957E+00  6.498E+15  5.068E+36
1890  1.967E+00  6.560E+15  5.136E+36
1900  1.977E+00  6.622E+15  5.205E+36
1910  1.987E+00  6.685E+15  5.274E+36
1920  1.997E+00  6.749E+15  5.344E+36
